2462627416
2454839680
2448593832
2440993528
2376074936
2355964504
2353461240
2345599544
2341959112
2267610080
2258985216
2253401680
2247555632
2219072112
2167933184
2160849048
2156260840
2144407304
2116940168
2077044800
2072020472
2067707424
2032597384
2028328320
1982219944
2957728168
2947259408
2918111208
2913258704
2863222728
2857750640
2821431752
2819623608
2812520624
2771123968
2754407592
2724281520
2717094016
2710176160
2662056200
2627144584
2623558312
2617666800
2614663736
2564583024
2538228992
2533191984
2527873168
2522892472
2451221528
2447003856
2441269048
2437489464
2422363056
2346256080
2340662168
2335786208
2329919312
2295565904
2259369768
2248696744
2244573088
2228735040
2205619288
2201070736
2160517528
2154679176
2122477584
2118544352
2114245968
2066525872
2037135256
2024671216
2017224528
2014071280
2939928360
2907312400
2903184264
2897550728
2893226832
2828945280
2819987344
2817394184
2812852752
2806493960
2733307792
2724995280
2717413952
2713067888
2679843384
2632335584
2628016536
2623542944
2618485760
2591922336
2550096376
2543781128
2536776304
2503431960
2499143824
2458474672
2455006392
2445195032
2417647472
2413070360
2372078688
2367868608
2331650168
2329404408
2324990480
2277589712
2267150680
2243976760
2235894752
2232730152
2190124128
2156788440
2145367968
2141698776
2137883040
2084890672
2061384320
2055624208
2051402920
2046756104
2946340696
2942113664
2938612312
2936176904
2923439912
2850426704
2844507144
2841585128
2834322632
2800377440
2756724496
2752740776
2745209320
2739967080
2711478344
2671353272
2665389896
2662328152
2623304792
2619932400
2577134832
2571427152
2567110976
2536990376
2533572976
2493321728
2489153176
2455139272
2451578384
2446989840
2404912888
2401742232
2373064480
2371420168
2364735472
2324877376
2289425600
2286037120
2281564624
2277677648
2226827960
2197566712
2193258176
2189721608
2186338448
2112279968
2103714752
2098943200
2093636312
2083986040
2021784472
2019170016
2013814872
2010731104
2946983168
2898645024
2893357632
2889189264
2858594656
2847688136
2804998784
2800414872
2794606680
2766358224
2760842552
2716574016
2712265584
2696550096
2671825352
2667683112
2622787320
2618395408
2588676448
2586414000
2582363384
2539222752
2517669568
2505320104
2500711576
2497683232
2455698696
2418018656
2412800280
2409287256
2406430960
2344211856
2333904280
2329790264
2326923624
2321937248
2247489000
2243786880
2242093496
2236513392
2208006640
2162987608
2161036648
2156746440
2152907888
2122225440
2081887352
2075173472
2071171976
2032911136
2030727136
1988258928
1986125736
1979943888
2925710704
2920822656
2877897680
2874607264
2849497952
2838111696
2834935024
2789766184
2786820296
2749512656
2746997048
2741138544
2698628368
2692766800
2663917088
2659841304
2656957448
2613079824
2582571952
2572790872
2568599008
2564814992
2521859848
2489381808
2487681328
2483476200
2480781288
2421602080
2406502568
2402361280
2400395512
2397066512
2321096840
2314944832
2311142088
2306807976
2297543328
2231862632
2229824968
2225576232
2221244088
2184172256
2149261312
2143452952
2139348776
2128739432
2104629552
2060741368
2058392520
2054332664
2024016592
2018520128
2935385944
2932293992
2921443816
2890293904
2888249712
2842937232
2840035584
2809922432
2806509152
2799514040
2756366616
2730026520
2715303968
2711472280
2706977704
2669861752
2641788624
2636070400
2630999144
2627114808
2576130176
2552582128
2547621968
2543959480
2538902680
2462010208
2457924984
2453423112
2449897248
2445211712
2373731744
2369568024
2367390168
2363798488
2332190064
2295401624
2293235544
2289592856
2278147144
2247002936
2202586544
2199044192
2192813824
2162803720
2159583216
2115514208
2110349664
2104174096
2075955880
2070339664
2022365232
2017204336
1982676720
1978250296
2946052664
2902266784
2891747000
2861152008
2856712480
2852436040
2807882896
2776843808
2773594232
2768218560
2765672480
2713337504
2689139240
2683417512
2680846624
2675158248
2615079480
2594717424
2591030368
2586550920
2557658304
2554112216
2509650520
2505282776
2500408088
2470388048
2467316896
2430062296
2425094776
2398944760
2388095112
2384563312
2336468832
2330236632
2293970872
2290015824
2287078064
2242244184
2224124968
2208527712
2204088104
2200038888
2154264000
2121468608
2119222184
2113196256
2111300616
2039179520
2035371576
2030744616
2028563112
2016326888
2921675400
2918531608
2915852536
2910279360
2880943936
2833416192
2830730296
2825020552
2821481408
2789530512
2745809136
2739970368
2735606976
2703577864
2700862968
2654948520
2652312600
2639431728
2610903888
2605534160
2569600816
2565622760
2534305488
2530895944
2525844496
2475039480
2469845592
2439668128
2436519136
2432644184
2740485672
2700535064
2698404720
2693760064
2690526344
2637001720
2612598776
2606872880
2602868952
2597815624
2522681168
2515680952
2513478456
2507127872
2473076568
2431814368
2428631624
2422817032
2415653128
2382430792
2335110536
2329577384
2327751152
2290087400
2288080232
2245595688
2241073256
2235709560
2205835512
2200161072
2150055784
2144637264
2114115112
2108943696
2106127304
2059340184
2042752168
2021056600
2017893312
2012645040
2928176224
2888176488
2884692200
2881322312
2875802208
2814730816
2801291216
2795190864
2791719480
2784915640
2721320296
2715588000
2713953680
2707274544
2673026040
2626160856
2623794624
2617068888
2607080976
2579424776
2898986936
2893061608
2890460304
2853300032
2844370944
2794359104
2790041224
2784409536
2752601896
2740364424
2696937208
2686319520
2654973112
2645450608
2641311712
2593437656
2582457392
2542287208
2537544928
2528274824
2479735072
2438706240
2429567496
2421922912
2379140448
2318646808
2299440632
2283920528
2278697592
2270629320
2199202224
2190289704
2184753488
2173392504
2143618064
2087362656
2083885312
2075674008
2071814864
2040434064
2935526224
2930482632
2926018624
2893940280
2887684872
2849164696
2841898304
2830667872
2801222336
2790544856
2742211384
2727900968
2692170016
2652286304
2642542848
2590732208
2575015376
2542637312
2535219136
2524926336
2851218024
2809427672
2802436944
2793626952
2791110008
2739003504
2702286632
2693689520
2691814112
2681013976
2607130056
2600125200
2595232856
2584059632
2571745744
2498644632
2494046416
2487234792
2482078576
2447302600
2400326304
2393999984
2385877688
2363199216
2345849272
2299891648
2291930256
2284675296
2250382400
2242207336
2197834608
2186052136
2155978296
2141017360
2132047280
2081849728
2072369624
2037995952
2031300416
2023114360
2930808608
2890697888
2883518136
2871614848
2862319904
2802164664
2772549600
2762209904
2752801496
2744480784
2673794760
2661987456
2655149584
2644030472
2635103440
2555734248
2550561896
2544215456
2539080728
2499432528
2835055896
2828186096
2820091064
2811136832
2780145056
2732202864
2724674040
2720329048
2688779576
2679352840
2633860416
2625019776
2588116160
2553570984
2546969848
2493165368
2490112720
2455849064
2453133720
2445505408
2400600688
2381967856
2356859680
2349606544
2343189032
2338875400
2268102904
2256502976
2252656800
2246801560
2221647472
2165449160
2161680592
2152484600
2137136544
2099109240
2051845248
2041491800
2038179832
2002880416
1996591832
2898476096
2889940552
2877222296
2845981320
2838537400
2790004144
2783713408
2744284232
2727888368
2712827872
2658881400
2647141208
2612416792
2603752984
2597933920
2544879632
2506184472
2500534584
2490542336
2878363624
2814001304
2773684552
2765433280
2759946560
2748629632
2677650000
2669008128
2661908656
2651142808
2635599704
2563496928
2551656296
2544320752
2537542512
2498742512
2454070920
2447615048
2438785600
2422169976
2392840416
2338086024
2333375952
2319562800
2284368216
2275901304
2231077776
2222230808
2199719680
2164991088
2155912232
2104086648
2096092280
2060543440
2052827552
2044101752
1997785424
2917626760
2907300648
2899203336
2894092904
2839282400
2803080720
2796538624
2794482856
2783177536
2704677704
2696985552
2689366712
2680139664
2673214704
2598889136
2594271064
2579088760
2574399976
2541209744
2494961312
2481678728
2478611392
2469633176
2846495912
2791831608
2788867040
2781635360
2748009640
2737750816
2692169920
2684325184
2672873528
2644194768
2641596288
2600092904
2595169520
2558927144
2555685800
2549175512
2499634992
2479625352
2457765224
2454296128
2447189016
2400271488
2369461640
2363185016
2354309808
2350337152
2274030736
2257659000
2244828968
2235705200
2229430216
2154979616
2149337736
2143466480
2135277408
2104161464
2046305608
2041888880
2032377416
2024624112
1993219208
2898882064
2891793464
2884348448
2855394536
2840802264
2790933896
2786827224
2779642872
2745166032
2734494864
2693708944
2690265008
2652963080
2644676304
2641051848
2587938576
2583973048
2540778552
2534307112
2948972456
2903496368
2866086344
2856859984
2849987952
2839067440
2786204816
2752402392
2743085368
2735174736
2724092256
2649779520
2643473664
2637909288
2622454520
2611528296
2532891312
2522357416
2512148928
2502438456
2464847840
2421239448
2413071512
2402458032
2392919912
2360807248
2312880200
2301130368
2290063528
2253129080
2246280104
2196714072
2187166472
2174078944
2104548832
2099828064
2046125440
2037794824
2001775672
1993270040
2915905808
2866290584
2848325240
2815192168
2801918664
2795020448
2741641800
2706747640
2698503832
2691254400
2676869008
2615532168
2583688008
2573772976
2562017984
2544256416
2465937552
2452924304
2440328120
2433516880
2850036720
2792920448
2783753720
2777603848
2767567744
2729559768
2680704824
2676256720
2668869736
2650510624
2627470264
2579114192
2574423264
2564380744
2531015800
2527014960
2480298968
2476422592
2448972608
2433127312
2423777648
2375334528
2369599712
2333200040
2320930624
2309403048
2227311728
2196027136
2187675816
2183261568
2174875768
2156035704
2095133800
2087837576
2078512840
2074354232
2035905896
1991029128
1982682480
2925844512
2910191296
2874107000
2826298432
2822732152
2811624848
2777629856
2770640104
2722147792
2716779296
2710761640
2674238752
2668662144
2621374496
2616449976
2580039832
2573172528
2564718616
2517628704
2511469000
2478335712
2809316376
2803117584
2755378016
2720963320
2707341080
2693685576
2678718104
2628968000
2589997352
2584407552
2576150032
2566064128
2490180128
2478429624
2466574216
2403403040
2394611384
2316526728
2303094832
2296021672
2290587448
2259931168
2216071440
2205916568
2199429344
2162137448
2127802752
2076008600
2067919112
2062339928
2034906664
2021203040
2920244848
2915652368
2902531544
2867162728
2858527216
2807718624
2800108376
2761931264
2753771448
2741724728
2694571064
2688136616
2652160976
2647040544
2638322144
2593999368
2559580904
2551458080
2538394712
2533412552
2484318072
2453536096
2443034512
2437471512
2429812256
2355546560
2350361128
2345091912
2693417312
2687989608
2609975440
2601309096
2590849832
2585147928
2545324984
2503045816
2495047568
2488515240
2471461256
2437422768
2386345992
2377538168
2370404480
2338324408
2331532248
2287189000
2276865808
2266420720
2237548528
2229722832
2179163680
2163638976
2124897288
2122727552
2115666280
2072479960
2055271480
2036128520
2024574872
2016758920
1966187272
2900289008
2893477544
2889847208
2879545784
2804818744
2793965336
2787262488
2783258696
2776592464
2701494616
2693148712
2682754520
2667496848
2630920536
2589669616
2577741160
2571640264
2558418376
2521313648
2475382728
2469068440
2457475640
2425028152
2414682208
2361914592
2351473704
2340486680
2650419776
2644830912
2596570728
2590043624
2548243776
2539445128
2532214952
2484877160
2469052296
2436493776
2426910288
2420214312
2377663624
2339814768
2324907840
2321411344
2311779520
2260477344
2233802816
2224645904
2218431336
2212581392
2140033408
2129873256
2125561312
2118820744
2100454544
2029652376
2023442960
2016349784
2010527352
1973748984
2910331952
2907155024
2900924704
2882143744
2852962376
2808016160
2804596040
2800046352
2766573904
2758704392
2714042376
2705727976
2687310768
2666710328
2659691544
2615197952
2599500192
2561495512
2550410888
2545355552
2492844952
2482746432
2449391880
2442120424
2433345680
2384294456
2350168096
2344469968
2706694920
2692220760
2632786016
2601752088
2594998744
2590518400
2576797008
2498921448
2494060088
2484505352
2479223616
2464742280
2394451200
2389651616
2381697752
2375903408
2335353576
2295529264
2288139016
2286058376
2268585104
2239069688
2186350144
2179890208
2173594128
2133730120
2125028312
2077303936
2072404000
2064012512
2031961816
2029385120
1977502808
1974083720
1953836752
2895509008
2889964520
2844076656
2835979768
2803054312
2791592544
2781998272
2735800328
2722734688
2690839936
2680662080
2668377912
2652425128
2585430328
2577856448
2573133664
2566956536
2558178896
2489316568
2477100256
2467689856
2457634136
2414384176
2368221016
2364290504
2739931208
2724841640
2693745440
2647248216
2640633744
2633857984
2593898488
2584760896
2542264040
2538617888
2529384944
2496456016
2489521056
2442554888
2435103208
2403610384
2396473520
2393477672
2347020608
2335769040
2302484848
2296620016
2288696048
2246150208
2223042104
2203629440
2195172552
2191175576
2142738360
2111877520
2106209032
2097247400
2086424712
2025466680
2007586928
2001720048
1995162840
1991184152
2874337800
2868060272
2859209688
2855317416
2827207248
2763842392
2756869744
2748258296
2740822152
2702350016
2659296440
2654660200
2643176208
2621020704
2603186120
2548945224
2542079720
2535854880
2496435768
2491606256
2440304344
2437216712
2808540592
2801322672
2784753376
2732862760
2720758784
2688240880
2683609440
2678286592
2632720856
2600846616
2593786728
2586950360
2577088680
2523978344
2489218040
2482779952
2477077712
2468327792
2391584280
2388254536
2381025008
2374615656
2366986760
2294698472
2285479432
2279212992
2272678880
2232630016
2185155760
2168137656
2160262696
2147395720
2115331072
2064687088
2060376800
2054308000
2018677880
2013824624
1966603312
1957277896
1941365352
2874854888
2863748784
2816862048
2805045480
2772104672
2764386704
2761690848
2707635688
2695663776
2660296528
2650012128
2641532760
2587820056
2552045304
2543110096
2530334664
2525302896
2465739472
2440279416
2848273936
2837829584
2828434696
2741291488
2734144488
2730108192
2716151656
2697211960
2641542808
2632107040
2624322056
2614276152
2574031608
2529067576
2522607688
2513343824
2495094864
2468770848
2421163104
2414031280
2407696144
2371249152
2361542504
2319325344
2308600224
2292886920
2264260680
2249756360
